0 0.630284 0.722738 0.055589 0.263601 0.931302
0 0.568434 0.722634 0.056634 0.263540 0.924183
0 0.799532 0.716746 0.069283 0.274928 0.922975
0 0.439027 0.722525 0.058741 0.263605 0.921702
0 0.629795 0.424810 0.056084 0.286896 0.919712
0 0.566202 0.425501 0.059312 0.286780 0.914158
0 0.695014 0.722176 0.056696 0.263472 0.913654
0 0.629581 0.308971 0.055509 0.269441 0.913024
0 0.296237 0.615785 0.150822 0.464081 0.912007
0 0.742278 0.423757 0.031621 0.285230 0.908729
0 0.630048 0.638224 0.054632 0.284889 0.906755
3 0.558388 0.656351 0.668922 0.403077 0.905270
1 0.296819 0.786082 0.144127 0.020860 0.902833
1 0.694624 0.842248 0.056814 0.021145 0.900136
0 0.744125 0.722492 0.029973 0.263424 0.899285
0 0.565544 0.309003 0.058400 0.268642 0.897231
0 0.629854 0.538192 0.058775 0.287948 0.896786
1 0.630698 0.842551 0.055759 0.021061 0.895527
0 0.742016 0.309007 0.031724 0.270182 0.893225
2 0.566125 0.784916 0.684966 0.022779 0.892392
1 0.295913 0.609089 0.145357 0.024036 0.891240
2 0.564328 0.843515 0.685090 0.021443 0.890805
1 0.294467 0.183165 0.147729 0.021572 0.889818
0 0.802761 0.614772 0.071848 0.461978 0.889804
0 0.873962 0.716114 0.066311 0.275027 0.888165
0 0.389188 0.722301 0.029364 0.264714 0.887301
0 0.742598 0.361889 0.031192 0.285922 0.883664
0 0.707772 0.615192 0.081673 0.463175 0.883084
1 0.873678 0.842245 0.064489 0.020696 0.883009
0 0.436495 0.616373 0.069307 0.465721 0.880721
1 0.800337 0.842003 0.069390 0.020772 0.880183
0 0.629691 0.376010 0.054738 0.286302 0.879910
1 0.692491 0.234013 0.057430 0.024651 0.879605
1 0.564816 0.183558 0.058466 0.025144 0.876932
0 0.628675 0.487280 0.054609 0.286788 0.876377
1 0.692309 0.181160 0.056903 0.021638 0.875326
1 0.797998 0.234303 0.068188 0.026025 0.874495
1 0.294424 0.233689 0.147015 0.023372 0.874437
2 0.564077 0.233666 0.689108 0.024169 0.874270
0 0.692159 0.309332 0.058160 0.269850 0.873480
0 0.567095 0.638626 0.055969 0.284289 0.873083
1 0.294748 0.286919 0.146628 0.021497 0.872555
1 0.438449 0.785413 0.058322 0.020439 0.870669
2 0.563078 0.183461 0.686630 0.025677 0.869975
1 0.798409 0.180852 0.067809 0.021829 0.869614
1 0.629769 0.413413 0.056262 0.020662 0.868985
1 0.629703 0.233981 0.055235 0.024234 0.868880
1 0.439374 0.843878 0.057190 0.020984 0.867220
1 0.435951 0.183802 0.056893 0.023900 0.867010
0 0.566307 0.476374 0.059088 0.287007 0.866472
1 0.872258 0.181390 0.067208 0.021988 0.865839
0 0.876342 0.615242 0.069024 0.464140 0.863480
0 0.630797 0.614836 0.060957 0.462131 0.863465
0 0.565216 0.375740 0.057688 0.286805 0.863375
1 0.872172 0.234202 0.067309 0.025453 0.861738
0 0.742027 0.538162 0.035344 0.287430 0.860332
1 0.799785 0.605501 0.071001 0.021330 0.860246
1 0.294021 0.415564 0.145722 0.021030 0.859465
1 0.629284 0.182635 0.055258 0.024592 0.858029
0 0.436401 0.424296 0.057333 0.284385 0.857296
1 0.692777 0.413289 0.058745 0.020963 0.856914
0 0.566559 0.538215 0.060810 0.287332 0.855579
1 0.503890 0.843114 0.056446 0.021499 0.853379
1 0.503484 0.784859 0.058102 0.020870 0.852438
0 0.743814 0.675454 0.032317 0.283424 0.849148
0 0.387340 0.362180 0.030100 0.285892 0.847137
1 0.800311 0.661274 0.070093 0.025813 0.846935
2 0.562910 0.286655 0.685955 0.024535 0.845164
1 0.565070 0.234390 0.056475 0.024747 0.843079
0 0.436261 0.326482 0.057623 0.282391 0.841069
1 0.744388 0.842176 0.031283 0.020992 0.840393
0 0.516982 0.424806 0.026356 0.286082 0.840021
1 0.872434 0.285139 0.066211 0.021674 0.837765
1 0.295892 0.525108 0.144395 0.020669 0.835278
1 0.436256 0.234789 0.056601 0.024639 0.834790
1 0.630509 0.784265 0.056467 0.021376 0.834190
1 0.871759 0.413461 0.066199 0.021964 0.834064
1 0.798578 0.413547 0.068195 0.022607 0.833633
0 0.566744 0.615419 0.064114 0.461661 0.833439
1 0.435796 0.286287 0.057549 0.020938 0.832717
0 0.567458 0.587089 0.058133 0.283293 0.832604
0 0.387541 0.308378 0.029662 0.267169 0.831745
1 0.293278 0.466533 0.143953 0.021353 0.830736
0 0.798324 0.422597 0.068351 0.282421 0.830681
1 0.742335 0.234229 0.031242 0.026111 0.830228
1 0.630468 0.663213 0.056225 0.022052 0.830129
1 0.798644 0.286279 0.068753 0.024592 0.830067
0 0.717351 0.626433 0.103801 0.286198 0.828266
0 0.387472 0.423944 0.029977 0.285366 0.825652
1 0.630149 0.733063 0.055691 0.023885 0.824989
1 0.294928 0.348823 0.145529 0.021073 0.824406
1 0.565612 0.413990 0.057627 0.020822 0.822295
1 0.629810 0.605787 0.056915 0.021248 0.820830
1 0.798050 0.464227 0.068707 0.021451 0.815354
1 0.567807 0.663458 0.055328 0.021157 0.812966
0 0.692143 0.438566 0.058137 0.285598 0.810770
1 0.387371 0.286439 0.027332 0.021288 0.810651
0 0.692708 0.388875 0.057754 0.283352 0.807804
1 0.693156 0.464264 0.058545 0.021801 0.806737
0 0.436876 0.499869 0.058700 0.283851 0.804059
0 0.456719 0.626001 0.093978 0.283400 0.803536
1 0.871954 0.522490 0.065854 0.020575 0.802353
1 0.389634 0.785652 0.028404 0.020778 0.801837
1 0.692381 0.286942 0.057682 0.024463 0.799968
1 0.742271 0.180750 0.031857 0.021776 0.796368
0 0.518906 0.722304 0.026433 0.264020 0.796007
1 0.872838 0.463780 0.064469 0.021902 0.795832
1 0.566082 0.465421 0.060362 0.022229 0.795493
1 0.436875 0.523883 0.058784 0.020931 0.792419
1 0.436343 0.465815 0.058005 0.020884 0.790142
1 0.500328 0.235313 0.058628 0.025612 0.788866
1 0.798967 0.522472 0.068290 0.020284 0.787955
1 0.742600 0.286496 0.031852 0.024420 0.787629
1 0.629485 0.466021 0.055777 0.023985 0.786424
1 0.800434 0.732456 0.070098 0.026301 0.785870
1 0.294911 0.729722 0.144967 0.020809 0.783503
1 0.694917 0.733141 0.057692 0.026349 0.781410
1 0.800109 0.786764 0.070298 0.025770 0.779461
1 0.874375 0.662127 0.065427 0.026894 0.776983
0 0.500382 0.324167 0.059350 0.280520 0.775835
1 0.629286 0.522875 0.055997 0.020625 0.773679
1 0.436112 0.414948 0.058068 0.021641 0.772092
1 0.629691 0.288113 0.056479 0.025956 0.768912
0 0.692754 0.585961 0.056940 0.277117 0.768167
1 0.742321 0.412331 0.031895 0.025874 0.765819
1 0.695253 0.786627 0.055007 0.025937 0.761224
1 0.566692 0.519915 0.057083 0.027498 0.760870
1 0.387130 0.183814 0.028959 0.023461 0.760038
1 0.694305 0.661333 0.056993 0.025886 0.758648
1 0.873771 0.786904 0.064963 0.025584 0.758341
1 0.567290 0.606515 0.057001 0.021810 0.756828
1 0.567883 0.785202 0.055649 0.022778 0.756795
0 0.872031 0.421173 0.067616 0.279740 0.755099
1 0.386569 0.524140 0.029724 0.020895 0.753709
1 0.299300 0.844583 0.147311 0.021218 0.751527
1 0.566828 0.842815 0.054163 0.021470 0.750491
1 0.744158 0.733095 0.031021 0.028044 0.750458
0 0.484806 0.424207 0.027632 0.285164 0.749252
1 0.387292 0.415023 0.028734 0.021242 0.749204
0 0.742715 0.586009 0.034526 0.277231 0.748720
1 0.387306 0.234717 0.028726 0.022718 0.747373
1 0.873276 0.605912 0.066745 0.021510 0.745506
1 0.692986 0.522913 0.058142 0.020096 0.735856
1 0.517653 0.523492 0.026315 0.019830 0.733456
1 0.692898 0.606922 0.057459 0.022669 0.732384
0 0.693664 0.487342 0.058290 0.285394 0.729744
0 0.435853 0.376160 0.058652 0.288536 0.729469
0 0.518465 0.638207 0.025774 0.283577 0.728792
0 0.703852 0.650698 0.076681 0.284873 0.724648
0 0.437838 0.574512 0.058189 0.284951 0.724591
0 0.742701 0.476361 0.030264 0.287752 0.708928
1 0.388675 0.662914 0.026407 0.017204 0.705515
1 0.874295 0.731812 0.065789 0.028103 0.705322
2 0.562375 0.413415 0.528134 0.021540 0.703095
1 0.742600 0.464220 0.031205 0.022673 0.701805
1 0.519229 0.732442 0.025967 0.026439 0.700518
